76
543 64
477 64
411 64
348 92
320 155
320 221
348 287
287 348
221 320
155 320
92 348
64 411
64 477
64 543
64 609
64 675
92 738
155 766
221 766
287 738
348 799
320 865
320 931
348 994
411 1022
477 1022
543 1022
609 1022
675 1022
738 994
766 931
766 865
738 799
799 738
865 766
931 766
994 738
1022 675
1022 609
1022 543
1022 477
1022 411
994 348
931 320
865 320
799 348
738 287
766 221
766 155
738 92
675 64
609 64
543 155
543 221
543 287
543 353
543 419
543 485
155 543
221 543
287 543
353 543
419 543
485 543
543 931
543 865
543 799
543 733
543 667
543 601
931 543
865 543
799 543
733 543
677 543
601 543